50729
81371
54297
21372
96619
124954
94309
92389
125680
39732
91023
109930
124274
88163
91329
114644
93893
31671
67808
118579
37618
106297
88151
125650
121504
59809
124582
73692
120129
92237
40988
57595
125620
114830
101521
53301
49185
88791
124202
59087
120992
26065
47455
87629
69832
77282
16899
98559
36800
111322
61921
57951
24821
33301
125838
54715
108516
119559
85919
74788
8923
60921
38862
48429
59737
92063
38988
59649
73992
97029
108114
100411
116059
93427
74062
119649
95827
53709
103503
118559
102075
13596
118715
83569
122652
37158
124172
72767
84663
89045
66936
115411
123640
83959
16018
25229
106459
25599
123058
51977